1283238622028632065
1283223522605535232
1283208424323350528
1283193322295554048
1283178223128309760
1283163121230557184
1283132922812227584
1283117824999739394
1283102725622792198
1283087623783804928
1283072526747238400
1283042336025567232
1283012126127214592
1282981927394226176
1282966829258829826
1282951729986691074
1282936628638433280
1282921531341848577
1282891329681276928
1282876230518226945
1282846032506654721
1282830932349616128
1282815834490941440
1282785633572843520
1282770535391191040
1282725237570732032
1282710136411156480
1282695040574173185
1282679938831626240
1282664838838185984
1282634640189042688
1282604440315260929
1282589341097680900
1282574240714092547
1282559232131207168
1282544041473609729
1282528943652757506
1282513844917596160
1282498746144550913
1282453448290516992
1282423248970375169
1282408145256505350
1282393055203483648
1282377946838077440
1282362849667411969
1282347748323278852
1282332649651007495
1282317553251958786
1282287356481957890
1282257153063960577
1282242052932071424
1282226965055848450
1282211853297315840
1282196755619049473
1282181657340940288
1282151541563027456
1282136357423296515
1282121256196702208
1282106166097481728
1282091057933545475
1282075958468415489
1282060859506782208
1282045760301756416
1282030661696544768
1282015561812045825
1282000460417650688
1281985365734121474
1281970264494882817
1281955162701959168
1281940064453320705
1281909866273992706
1281894765324206080
1281879662453338113
1281864565148405761
1281849464282464257
1281834366893608961
1281819266967207937
1281804168596910080
1281773968429428743
1281743770015285255
1281713572414816259
1281698473276891136
1281668272769777664
1281653172776255488
1281638091548094465
1281622976228548608
1281607873525460994
1281592775390007298
1281577677913112577
1281562592272502784
1281547478127411200
1281532376896532480
1281517279381876736
1281502178150998016
1281487077419278336
1281471984103124997
1281456881253232640
1281441779108069377
1281426682289643521
1281411595516559362
1281381384087408640
1281366285243125760
1281351182863044608
1281336082001309697
1281320983253549056
1281305881846538240
1281290785850159105
1281275719058767872
1281260588748795904
1281230386299723781
1281215288516636674
1281200188531470336
1281169987193823233
1281154891956621312
1281139791380144128
1281124692372275208
1281109592244539393
1281094490392936449
1281079389644447746
1281064292230459393
1281019078061125634
1281003897251704832
1280988792396976128
1280973694077001728
1280943495570583553
1280928397011464192
1280913296393043968
1280883099534897152
1280868000296349699
1280837800451964929
1280822706225549317
1280807598497779713
1280792501398335489
1280762301277069315
1280747217897132037
1280732188674146310
1280717008221253632
1280671706646904832
1280656614593159170
1280641508371120129
1280626409627545605
1280596209065791488
1280581105934983168
1280566007321354240
1280550911304036353
1280535848044204032
1280505609843023873
1280490511191568384
1280475420333236224
1280460311057686528
1280445213010321412
1280430113792774144
1280415015300784129
1280399915504422912
1280384813589884929
1280369718805753856
1280354616643743744
1280339515672936448
1280324418288234496
1280310124498714624
1280264018423279617
1280248922783354880
1280233818763345920
1280203619153768450
1280188522230542336
1280158323690500096
1280143222019223554
1280113025622503424
1280097926191017985
1280067727198019585
1280037527970185216
1280022427439751168
1280007326863257605
1279992227293392896
1279977128759459840
1279946928877260801
1279901631002238977
1279886533864984577
1279871433296896000
1279856331327848448
1279841234589069312
1279826133731561472
1279795934684041218
1279780834426253312
1279765734814449664
1279750634724487170
1279735535326527488
1279720436482236416
1279705338212573184
1279690237648621568
1279675140024877057
1279660037393154049
1279584541955379200
1279554343855783938
1279524143180902400
1279509044202369029
1279493945551024129
1279478845511360513
1279463746365034497
1279448644031139840
1279433547430805504
1279418448586498056
1279403344902025216
1279388246707810304
1279373150229127169
1279358048801132544
1279342949537480705
1279327849925578753
1279297649502371843
1279282553896095745
1279267453260845057
1279252352516517888
1279237252816633859
1279207053592952833
1279176855161995264
1279161756422565894
1279146655053344768
1279131558390030337
1279116455984816130
1279101359690616832
1279086258078113793
1279071158009135104
1279056060481855490
1279040962866503680
1279010766041972736
1278980560115789824
1278965465767751686
1278950393221767168
1278935261745778688
1278920164302417920
1278905065663676416
1278889965871525888
1278844667258261505
1278829565939347456
1278814468009455616
1278799366271074304
1278784268160794626
1278769170004406274
1278754069151023104
1278708769266864129
1278678570181640192
1278663471643545600
1278648370320388097
1278633272449228800
1278618173483278337
1278603073787539456
1278587973404000257
1278572878963695617
1278557776097062913
1278542677466734593
1278527626022285313
1278512609528934400
1278482277438128128
1278467187980656640
1278452080181760001
1278436980196605954
1278421881679306753
1278406780616237056
1278391682933723137
1278361484423081984
1278346383284531201
1278331281709789184
1278316185000402949
1278301082028933120
1278285985881546752
1278270884302618624
1278255789648429057
1278240689147404288
1278225585001488385
1278210489051308033
1278195389552713728
1278165187892146177
1278150091438583809
1278134988215447553
1278104791818792960
1278089690705301504
1278074592146321408
1278029293092605953
1278014194428686336
1277999092912648192
1277983996828217344
1277968896268492800
1277953794798542848
1277938697510350851
1277923595478433799
1277908503823126529
1277893469424369664
1277878298266099712
1277863201225359361
1277848102687215617
1277832998855958530
1277817899806162949
1277802801851011077
1277787703031918593
1277757501060988929
1277742405068845056
1277727306681737218
1277697104538857472
1277682020882083840
1277666904371376128
1277651807129370624
1277636707051958275
1277621606764834816
1277606508067303424
1277591406731653120
1277576309938352128
1277561210276216832
1277546110865661952
1277531009039298562
1277515913156128769
1277500811082268672
1277470612936523776
1277455513756725248
1277440414451027973
1277425312486182912
1277410215764189184
1277364915393581056
1277349816230506496
1277334717650489344
1277319617203990530
1277304515306287104
1277289452910469120
1277274320209768448
1277259252239757312
1277244120193306624
1277229022116642816
1277213919140954115
1277198819986272256
1277183722119282688
1277168623736389632
1277153524187426816
1277138423698976779
1277123324145889281
1277108221870772224
1277093124091678723
1277063049594105856
1277047825050685440
1277002527091769345
1276987427773505536
1276972328769863681
1276957228059123713
1276942163973038080
1276927030542516224
1276911931408781312
1276896832904257536
1276881733258891265
1276866631172411392
1276851532810481665
1276836432091295749
1276821333431615488
1276806232255262731
1276791133880770561
1276776035464273921
1276760939048493056
1276745839822557184
1276730738885312513
1276700539145744384
1276685439902965760
1276655245108469760
1276625042126733312
1276609942380638208
1276594841481183233
1276579741986779136
1276564645642289153
1276534443751006208
1276519345774972933
1276504243088711681
1276489144525414400
1276474046071242752
1276458967162433536
1276443845836722176
1276428746619105280
1276413646071988224
1276398548842471424
1276368405885448192
1276353251017781248
1276323052477771776
1276307949489516544
1276292850951417856
1276277753281536003
1276262652541427712
1276247553571303424
1276232453946925056
1276217355341672449
1276202252345020416
1276187156369661952
1276172059479957504
1276156956584091653
1276141857882308614
1276126758182416390
1276111656641105922
1276096560984543232
1276081458482839553
1276066359839866883
1276051285746184192
1276036160343535616
1276021059666366464
1276005960163528704
1275990861256331265
1275975761459961858
1275960663894921217
1275945562731245568
1275930462980935681
1275915364593876993
1275900265107869696
1275885165005299712
1275870066647564288
1275839864924041216
1275824766163677184
1275809857262641153
1275794569993441282
1275764370039910402
1275749271074029569
1275734173748285446
1275719070378270720
1275703971135590401
1275688920013996032
1275673774210367489
1275658684002193408
1275643580086960133
1275628473034268672
1275613374684950528
1275598277015040000
1275583177117978624
1275568076675616768
1275552974471696384
1275522778045661186
1275492579572772865
1275477479885467649
1275462380311310338
1275447283648065537
1275432180118781952
1275417081308041217
1275401980450504704
1275386882621181952
1275371782577373185
1275356683997343745
1275341581482995715
1275326487277666304
1275296286623723520
1275281187016073216
1275266085214814208
1275250984592175104
1275235884896448513
1275220786488344576
1275205686113132546
1275190590041276416
1275175489024352256
1275160390171652101
1275145290463338496
1275115092091133957
1275099990981926921
1275084893450498048
1275069799987466241
1275054692922306563
1275039593637703681
1274994295171190785
1274979200055664640
1274964095947534336
1274949480819814401
1274933902725931009
1274918797535703040
1274903701585408000
1274888599360557057
1274873503548768257
1274858401437122566
1274843301602983936
1274828202188267520
1274813102064689152
1274798003774042113
1274782902903963649
1274752700735868934
1274737604177432579
1274722503361916930
1274707406350499850
1274692304763097089
1274677208972316674
1274647006338662405
1274631906911383553
1274616808788553731
1274601707960283138
1274586612265938944
1274571510066188288
1274556413113585664
1274541311194886144
1274526210739978240
1274511138508517377
1274496021024792576
1274450712584314880
1274435625509203968
1274420513780035584
1274405414143012866
1274390316154413056
1274375215305248769
1274360144218882049
1274345033332711426
1274314819475140608
1274299721314471937
1274284616745009152
1274254419048099842
1274209121206583297
1274194023536717824
1274178922582691840
1274163821645410305
1274133624829276160
1274103425496526849
1274088324488065024
1274073226742689792
1274058128854642688
1274027926694981632
1274012829763268609
1273997729736216576
1273982628719452160
1273967529048698880
1273952431022342144
1273937331951558656
1273922539350183938
1273907131620577280
1273892034944708609
1273876936163385344
1273846732770512897
1273831636207931392
1273816535522373632
1273801437214957568
1273786384688410626
1273771236091289600
1273756137507090434
1273741037568053248
1273710836658302976
1273695739034529794
1273680642044129280
1273665538049228801
1273635343300915203
1273620242053226496
1273605140927242240
1273590042863124480
1273574942844399617
1273559844230795264
1273544746909102080
1273514544963268608
1273499447637377024
1273484347056648192
1273469246278823936
1273454148889919489
1273439046895722496
1273408847416225792
1273393785649561601
1273363550702952450
1273348452521349120
1273333353039581184
1273318253968818177
1273303164863655936
1273288052308205568
1273272954864848896
1273227655094001666
1273197455752888321
1273182357332295683
1273167259301752832
1273152166186885121
1273121956645212160
1273103715080298499
1273091759422095361
1273076660368142339
1273061560458436609
1273046460028739585
1273031362757324801
1273016262004596737
1273001163365875713
1272986063540072448
1272970960962904065
1272955864589070336
1272940763450454016
1272925665809985536
1272895465009356803
1272880367603609600
1272865269572964355
1272850168807690240
1272835067828531202
1272819967818231810
1272804868739133440
1272789771526393856
1272774672375922693
1272729372051468288
1272714271109963776
1272699172039192577
1272684074314817536
1272668981350920192
1272653877427318784
1272638772006408192
1272623676274302976
1272608577992011776
1272593486378700800
1272578375652012032
1272563277898280960
1272548176176705537
1272533078007676929
1272517978542600192
1272502878876266501
1272487780384292864
1272442482228211712
1272427382473846784
1272412282945859585
1272397183774453761
1272382087287369728
1272366981836992512
1272351882317492224
1272336784584634370
1272321685308321792
1272306586975789056
1272291498545917952
1272261286135382017
1272246199953719296
1272231086907510784
1272215988210040834
1272200887209869315
1272170690251128832
1272155589573918722
1272140512066060289
1272125390014668806
1272110292973961218
1272080121650790402
1272049894623080449
1272034795170586627
1272019694728310784
1272004594873163777
1271989494716088320
1271974394470862848
1271959296369029120
1271929097594089477
1271913997466431488
1271898905194553344
1271883800230809602
1271868700774109185
1271853600298303488
1271838500740927488
1271823402488098818
1271808301890584576
1271793201230180352
1271778103249928192
1271763004636278786
1271747905859141634
1271732806486421504
1271717706643894272
1271702605262024704
1271672407493767169
1271657308569743360
1271642209167699968
1271627107731267584
1271612008043970560
1271581809575227392
1271566711645327360
1271551613321097217
1271536510269943808
1271521412792979456
1271506313760014336
1271461035535261699
1271430817357520896
1271415715380117506
1271385515061678080
1271370416875945984
1271355315963846656
1271340222119178240
1271325118300516353
1271310021293273090
1271294917654966273
1271280022465044483
1271264784562876418
1271249622632022016
1271234520289652736
1271219422317801472
1271189223933018113
1271174136392372224
1271159025313308672
1271143925856612352
1271113726054154240
1271098626220060672
1271083525827997696
1271068428401381377
1271053328558874629
1271038228779294720
1271023127854632961
1271008029018738688
1270992931952791554
1270977830168358912
1270947630244229121
1270932529281855488
1270902331932946433
1270887232589590528
1270872131073503232
1270857034527735808
1270811736279363584
1270796636789202944
1270781535621275649
1270766438802878464
1270751338440224769
1270736240250216450
1270721138071502852
1270706037490769920
1270690946598887424
1270675838636154882
1270660740450414592
1270645638762397697
1270630542287884289
1270615442873184257
1270600340870541315
1270570145249816577
1270524846116450304
1270509743665115136
1270494646456602624
1270479547465519106
1270449348900384768
1270434250207027201
1270419147625598976
1270404048198328326
1270388952592080898
1270358750176571393
1270343652481437696
1270313454058893314
1270283253539209218
1270268153608585217
1270253058291716102
1270237952468107266
1270222852826869761
1270207756771844096
1270192654664339456
1270177558189883392
1270162457210699777
1270147359763132416
1270117160329678848
1270102061309235200
1270071857320869891
1270056763140608001
1270041662819983360
1270026563661123585
1270011463227240448
1269996363736965121
1269981262187360257
1269951064037445632
1269935964341678080
1269920864725696514
1269905766565031937
1269890666420527112
1269875567014232065
1269860524440743936
1269815171393830912
1269784970790178816
1269769964497461249
1269754771470082048
1269739672730648576
1269724572821020673
1269709471367888897
1269694374562033664
1269679275583483904
1269664174654623744
1269649075873304576
1269633975737147400
1269618882924298240
1269588678872989696
1269573575800807426
1269558478722359299
1269528279247056898
1269513178192347136
1269498083504603136
1269482981489471488
1269467893432893441
1269437686797852672
1269422581771235328
1269407483300245504
1269392383113756673
1269362182715617280
1269316885562093568
1269301786289958912
1269286687626063873
1269271587208835074
1269256489350262785
1269241388282961921
1269226293846880260
1269211190967689216
1269196087669088256
1269180990217314304
1269165888902578176
1269150794252599297
1269135692761710592
1269120593678368769
1269105494062272512
1269090393905233920
1269075295211884544
1269060193146429440
1269045098240544768
1269014895959240704
1268999796783603712
1268984694265114624
1268969597052440576
1268954498266918912
1268939399305105408
1268924296954437632
1268909199443939329
1268894173916049410
1268879004712316929
900639639702208512
900632087635648513
900624533366992896
900616984416722945
900609433075691521
900602158223167488
900594417945522180
900586787067875329
900579256815804417
900571726395867136
900564242788757504
900556818413432833
900549034997403648
900541526685691905
900533939026239492
900526577364107268
900518857936437249
900511349515714561
900503778394329092
900496207465897984
900488655671881729
900481107736637442
900473578478587908
900466053691658245
900458478141157376
900450908139597824
900443403686744065
900435808959827968
900428280658108416
900420709322809347
900413160208969729
900405631248719873
900398146118963201
900390551626895360
900383006527025153
900375429986562048
900368008702345218
900360316072206336
900352784595386368
900345254368378880
900337703845232646
900330094190833665
900322541813862404
900315033086947328
900307482156961792
900299982993068033
900292340308430848
900284936153968640
900277263656157184
900269715456573440
900262184571285505
900254697604476930
900247105440296961
900239511602548736
900231984697487364
900224477103099910
900216842333167616
900209316157956097
900201804071403520
900194212951588864
900186644434890752
900179204666519552
900171565026955264
900164126227521537
900156506959736834
900148914648645632
900141559584313344
900133817712881664
900127662261358593
900126225229918208
900118717522223105
900111171558232064
900103637199966209
900095989591265280
